|0000|016|0|01072026|31072026|EMPRESA DE TESTE CONVERSAO LTDA|12345678000199||SP|123456789012|3550308|||0|1|
|0001|0|
|0100|CONTADOR TESTE|01111111111|1111112||RUA DE TESTE|123||BAIRRO|11999999999|contador@teste.com.br|3550308|
|0150|CLI001|CLIENTE DE TESTE SAFX|1058|98765432000198||3550308||SP||
|0200|10529ABV0033LBSD|PRODUTO TESTE 1 SAFX08||||UN|00|12345678||01|18,00||
|0200|10534ABJ0033LBSD|PRODUTO TESTE 2 SAFX08||||UN|00|12345678||01|18,00||
|0990|7|
|C001|0|
|C100|1|0|CLI001|55|00|1|271|35260112345678901234550010000002711000002710|24072026|24072026|3124,16|0|0,00|0,00|3124,14|9|0,00|0,00|0,00|3124,14|562,36|0,00|0,00|133,82|38,40|176,46|0,00|0,00|
|C170|1|10529ABV0033LBSD||125,065|UN|1562,07|0,00|0|000|5101||1562,07|18,00|281,18|0,00|0,00|0,00|0|50|999|1029,46|6,50|66,91|01|914,26|1,6500|19,20|01|914,26|9,6500|88,23||0,00|
|C170|2|10534ABJ0033LBSD||125,065|UN|1562,07|0,00|0|000|5101||1562,07|18,00|281,18|0,00|0,00|0,00|0|50|999|1029,46|6,50|66,91|01|914,26|1,6500|19,20|01|914,26|9,6500|88,23||0,00|
|C190|000|5101|18,00|3124,14|3124,14|562,36|0,00|0,00|0,00|133,82||
|C990|6|
|9001|0|
|9900|0000|1|
|9900|0001|1|
|9900|0100|1|
|9900|0150|1|
|9900|0200|2|
|9900|0990|1|
|9900|C001|1|
|9900|C100|1|
|9900|C170|2|
|9900|C190|1|
|9900|C990|1|
|9900|9001|1|
|9900|9900|15|
|9900|9990|1|
|9900|9999|1|
|9990|16|
|9999|31|
